Total Passes required: 4
Contents of Disk File: 
Page: 0: 1 1 1 2 2 3 
Page: 1: 4 4 5 5 6 6 
Page: 2: 6 7 7 8 8 8 
Page: 3: 8 9 9 10 10 10 
Page: 4: 10 10 10 11 11 12 
Page: 5: 12 12 12 12 12 15 
Page: 6: 15 15 15 15 15 19 
Page: 7: 20 20 20 21 21 21 
Page: 8: 21 21 22 22 23 23 
Page: 9: 27 27 29 29 30 30 
Page: 10: 33 33 38 38 39 39 
Page: 11: 43 43 45 45 45 45 
Page: 12: 46 46 51 51 56 56 
Page: 13: 61 61 61 61 67 67 
Page: 14: 69 69 73 73 73 73 
Page: 15: 74 74 76 76 88 88 
Page: 16: 95 95 96 96 97 97 
Page: 17: 99 99 99 99 
