1
3
4
2
5625
2
3021
2
4980
2
5927
2
93
2
7129
2
2036
2
4426
2
2317
2
9062
2
2521
2
7386
2
4059
2
8808
2
6648
2
7545
2
9342
2
1348
2
6268
2
3920
2
3558
2
2014
2
2386
2
4000
2
6992
2
5369
2
312
2
3836
2
3514
2
9943
2
4927
2
9139
2
4042
2
985
2
6145
2
4135
2
8114
2
9260
2
8562
2
1509
2
8321
2
2161
2
8896
2
2379
2
968
2
6622
2
1003
2
1388
2
9049
2
7271
2
5308
2
3685
2
363
2
7695
2
7685
2
7355
2
4142
2
7997
2
1191
2
8735
2
9018
2
7197
2
7874
2
3060
2
8182
2
5097
2
8274
2
7374
2
5435
2
7914
2
8884
2
3756
2
74
2
8858
2
7214
2
1042
2
6558
2
8217
2
2431
2
5606
2
6566
2
7739
2
9291
2
6930
2
6512
2
8054
2
4284
2
654
2
6051
2
6554
2
9389
2
6147
2
3750
2
8341
2
9207
2
3010
2
4516
2
8560
2
1463
2
9952
2
6473
2
346
2
4786
2
6548
2
282
2
1999
2
8669
2
6840
2
1295
2
1099
2
2445
2
7861
2
9918
2
2814
2
5869
2
6429
2
867
2
153
2
8162
2
6918
2
6707
2
8630
2
3065
2
1536
2
8049
2
3350
2
4546
2
3644
2
2988
2
6009
2
4674
2
9462
2
7434
2
9460
2
7088
2
7716
2
2537
2
5756
2
4555
2
4911
2
7935
2
8079
2
2772
2
7852
2
892
2
9720
2
5359
2
1760
2
9873
2
4600
2
9757
2
7659
2
4308
2
3900
2
9195
2
3435
2
7251
2
4819
2
7079
2
1317
2
1907
2
1752
2
778
2
9341
2
2290
2
8945
2
8136
2
5907
2
4701
2
2690
2
817
2
3714
2
1848
2
4668
2
1565
2
2740
2
4388
2
8003
2
4500
2
4260
2
2602
2
4257
2
2997
2
7989
2
8157
2
3270
2
1424
2
6486
2
8090
2
8503
2
7804
2
1075
2
1334
2
9661
2
1494
2
3624
2
8606
2
9630
2
9531
2
4385
2
3399
2
348
2
8099
2
5247
2
6095
2
742
2
7987
2
482
2
8745
2
3566
2
5822
2
2426
2
8902
2
8819
2
414
2
8137
2
2089
2
1838
2
5702
2
1257
2
1420
2
3505
2
3411
2
2754
2
4244
2
4905
2
7457
2
3928
2
4535
2
8067
2
8313
2
9013
2
9494
2
7490
2
5338
2
5588
2
9311
2
4403
2
6071
2
8056
2
7969
2
2971
2
1560
2
7949
2
1789
2
3053
2
6086
2
4957
2
5971
2
1787
2
7293
2
7391
2
6371
2
703
2
1223
2
1693
2
6688
2
9759
2
5622
2
1222
2
7825
2
5013
2
1313
2
8397
2
2503
2
6651
2
3985
2
1813
2
1053
2
1134
2
947
2
101
2
4105
2
3586
2
8050
2
6973
2
7719
2
4135
2
3009
2
3689
2
7001
2
301
2
2158
2
4450
2
2084
2
4460
2
6144
2
8772
2
4218
2
1765
2
1072
2
3122
2
7857
2
3464
2
1518
2
359
2
114
2
6582
2
3252
2
1167
2
8795
2
5278
2
2347
2
2899
2
9944
2
397
2
951
2
7662
2
5611
2
3960
2
2429
2
2612
2
5340
2
5666
2
7062
2
8503
2
125
2
4284
2
8353
2
5422
2
6049
2
9425
2
9623
2
3906
2
2888
2
2220
2
5344
2
4081
2
8802
2
9675
2
6328
2
7597
2
6032
2
8675
2
1574
2
7054
2
9072
2
3604
2
5794
2
4683
2
7564
2
8223
2
8374
2
3983
2
3888
2
6514
2
2485
2
5092
2
798
2
838
2
1592
2
7926
2
1341
2
1215
2
2910
2
5309
2
4514
2
9334
2
9390
2
4394
2
9008
2
6796
2
3069
2
6118
2
5471
2
4644
2
3171
2
5621
2
8248
2
8965
2
303
2
6891
2
8266
2
9756
2
1952
2
3232
2
6270
2
4437
2
9403
2
8147
2
6354
2
995
2
6072
2
7696
2
3289
2
8983
2
3004
2
7803
2
8316
2
3472
2
3275
2
8402
2
268
2
6345
2
5599
2
6818
2
2067
2
9849
2
2438
2
1393
2
9893
2
3821
2
8284
2
8158
2
3576
2
1314
2
2469
2
924
2
5752
2
1871
2
9071
2
2105
2
3945
2
6222
2
879
2
7234
2
6283
2
4962
2
6115
2
5677
2
9514
2
9391
2
5157
2
9782
2
6814
2
755
2
7678
2
8881
2
604
2
115
2
273
2
496
2
3936
2
9637
2
9733
2
8592
2
950
2
2201
2
9516
2
7781
2
5152
2
9666
2
965
2
9097
2
6966
2
2923
2
7410
2
3248
2
7886
2
3524
2
3
2
7399
2
3993
2
5160
2
8259
2
1885
2
6995
2
5936
2
765
2
7599
2
6051
2
2118
2
9174
2
1066
2
2833
2
9985
2
9658
2
4862
2
3265
2
9173
2
3722
2
8417
2
9917
2
4687
2
8592
2
6882
2
7610
2
6001
2
1208
2
6574
2
604
2
1211
2
3972
2
5676
2
7451
2
3309
2
7562
2
4445
2
9245
2
9406
2
3122
2
6375
2
2602
2
3374
2
7441
2
6514
2
3358
2
7098
2
2455
2
7702
2
7349
2
6177
2
6118
2
7266
2
1942
2
5789
2
5226
2
630
2
1789
2
6435
2
7205
2
3472
2
8725
2
2255
2
9149
2
6175
2
6644
2
7789
2
1698
2
5888
2
7194
2
4820
2
3341
2
875
2
8194
2
781
2
7389
2
2631
2
8958
2
9844
2
332
2
6307
2
7099
2
7530
2
4651
2
9041
2
3318
2
9877
2
750
2
6186
2
6311
2
9034
2
9659
2
6115
2
1288
2
9886
2
3368
2
9011
2
7674
2
5067
2
5978
2
5946
2
9887
2
9319
2
6821
2
9160
2
1179
2
4210
2
2869
2
136
2
5132
2
3201
2
6443
2
2231
2
1809
2
1093
2
1271
2
6206
2
2049
2
3100
2
2392
2
9439
2
2133
2
3129
2
5553
2
4501
2
3014
2
8922
2
3511
2
1766
2
3988
2
9489
2
7712
2
4953
2
8808
2
4533
2
5191
2
9987
2
9822
2
8060
2
1201
2
4953
2
1261
2
8724
2
7184
2
4149
2
9817
2
9535
2
355
2
2944
2
3713
2
2747
2
2383
2
5847
2
6955
2
7936
2
347
2
9969
2
7936
2
3858
2
1734
2
3002
2
4426
2
9446
2
7956
2
3233
2
5057
2
3146
2
4298
2
4878
2
2285
2
6578
2
910
2
4625
2
5301
2
9173
2
8774
2
5118
2
9786
2
9129
2
8062
2
3499
2
2954
2
1523
2
9346
2
9909
2
9460
2
771
2
9877
2
8474
2
4629
2
2689
2
1476
2
133
2
3214
2
510
2
3366
2
8271
2
4735
2
8743
2
4228
2
7020
2
5321
2
5138
2
1644
2
621
2
5389
2
418
2
6818
2
5175
2
9547
2
5959
2
9753
2
2501
2
8561
2
9098
2
2409
2
8020
2
947
2
3365
2
7573
2
5576
2
6054
2
9049
2
5710
2
346
2
9559
2
154
2
8618
2
4293
2
9977
2
3924
2
1313
2
6376
2
9062
2
2957
2
8076
2
5529
2
4454
2
5973
2
703
2
5080
2
3010
2
455
2
8660
2
1570
2
631
2
1068
2
669
2
1578
2
5512
2
8242
2
8234
2
2645
2
7290
2
5022
2
2991
2
7927
2
6255
2
2687
2
2219
2
7310
2
6611
2
4611
2
3685
2
6751
2
8648
2
2840
2
2280
2
3101
2
9892
2
4062
2
8181
2
2901
2
5597
2
6840
2
4471
2
6228
2
8988
2
6219
2
8886
2
5578
2
4460
2
8198
2
8223
2
2828
2
3219
2
1214
2
754
2
552
2
3901
2
4053
2
7863
2
1591
2
8664
2
2626
2
8342
2
8390
2
5466
2
621
2
1491
2
5357
2
4684
2
750
2
9337
2
280
2
8670
2
4887
2
7587
2
7657
2
1105
2
6472
2
4313
2
6645
2
4669
2
2536
2
9473
2
8967
2
4829
2
1306
2
9520
2
9809
2
6438
2
8461
2
1399
2
6180
2
1086
2
9742
2
4570
2
7632
2
362
2
6061
2
2988
2
6125
2
7890
2
3404
2
6405
2
6559
2
8291
2
5071
2
5294
2
9396
2
1542
2
9608
2
7119
2
7291
2
3222
2
6592
2
7336
2
9130
2
8977
2
6855
2
8938
2
5414
2
5315
2
1416
2
2672
2
7481
2
1157
2
7242
2
5112
2
2598
2
4381
2
8100
2
9803
2
2271
2
1503
2
7286
2
9909
2
872
2
2356
2
6282
2
268
2
4978
2
6968
2
7387
2
2268
2
189
2
5057
2
9604
2
397
2
5112
2
7538
2
9335
2
1604
2
3931
2
750
2
4277
2
1411
2
2986
2
1518
2
6523
2
6664
2
6979
2
5702
2
6466
2
9250
2
7205
2
3751
2
236
2
9157
2
6108
2
6518
2
503
2
1085
2
4564
2
8969
2
4432
2
4753
2
4026
2
5114
2
6229
2
216
2
2651
2
5564
2
1821
2
6583
2
7393
2
7177
2
7994
2
1458
2
9774
2
4517
2
8122
2
6752
2
218
2
5666
2
7080
2
8502
2
9417
2
8396
2
7658
2
6603
2
4913
2
8161
2
8767
2
9478
2
7130
2
3198
2
5309
2
2234
2
8313
2
1538
2
3529
2
2042
2
8181
2
6429
2
8625
2
6652
2
3605
2
7698
2
8110
2
4458
2
2214
2
7310
2
1209
2
3511
2
4054
2
9369
2
2012
2
4550
2
7764
2
749
2
1152
2
3755
2
9989
2
998
2
4311
2
7118
2
5275
2
699
2
430
2
3587
2
3316
2
3960
2
6709
2
1496
2
1467
2
5333
2
9227
2
5073
2
3030
2
8416
2
609
2
6323
2
5725
2
1818
2
9834
2
9780
2
2265
2
2925
2
5408
2
28
2
3674
2
6560
2
4863
2
3662
2
8637
2
9174
2
1859
2
3912
2
9873
2
3368
2
8578
2
4267
2
8407
2
5286
2
5763
2
9875
2
1698
2
6069
2
6026
2
5807
2
4484
2
6635
2
2130
2
208
2
9532
2
3042
2
1066
2
1797
2
5967
2
7553
2
2904
2
719
2
5192
2
7767
2
5461
2
3828
2
8020
2
8399
2
7740
2
8971
2
1766
2
7397
2
3238
2
1252
2
2682
2
79
2
1126
2
4380
2
6148
2
8231
2
187
2
631
2
4865
2
3396
2
1919
2
4396
2
6438
4
-1
